,dateRep,day,month,year,cases,total,deaths,countriesAndTerritories,geoId,countryterritoryCode,popData2018,continentExp
13924,12/31/2019,31,12,2019,0,0,0,Vietnam,VN,VNM,95540395,Asia
13923,01/01/2020,1,1,2020,0,0,0,Vietnam,VN,VNM,95540395,Asia
13922,01/02/2020,2,1,2020,0,0,0,Vietnam,VN,VNM,95540395,Asia
13921,01/03/2020,3,1,2020,0,0,0,Vietnam,VN,VNM,95540395,Asia
13920,01/04/2020,4,1,2020,0,0,0,Vietnam,VN,VNM,95540395,Asia
13919,01/05/2020,5,1,2020,0,0,0,Vietnam,VN,VNM,95540395,Asia
13918,01/06/2020,6,1,2020,0,0,0,Vietnam,VN,VNM,95540395,Asia
13917,01/07/2020,7,1,2020,0,0,0,Vietnam,VN,VNM,95540395,Asia
13916,01/08/2020,8,1,2020,0,0,0,Vietnam,VN,VNM,95540395,Asia
13915,01/09/2020,9,1,2020,0,0,0,Vietnam,VN,VNM,95540395,Asia
13914,01/10/2020,10,1,2020,0,0,0,Vietnam,VN,VNM,95540395,Asia
13913,01/11/2020,11,1,2020,0,0,0,Vietnam,VN,VNM,95540395,Asia
13912,01/12/2020,12,1,2020,0,0,0,Vietnam,VN,VNM,95540395,Asia
13911,01/13/2020,13,1,2020,0,0,0,Vietnam,VN,VNM,95540395,Asia
13910,01/14/2020,14,1,2020,0,0,0,Vietnam,VN,VNM,95540395,Asia
13909,01/15/2020,15,1,2020,0,0,0,Vietnam,VN,VNM,95540395,Asia
13908,01/16/2020,16,1,2020,0,0,0,Vietnam,VN,VNM,95540395,Asia
13907,01/17/2020,17,1,2020,0,0,0,Vietnam,VN,VNM,95540395,Asia
13906,01/18/2020,18,1,2020,0,0,0,Vietnam,VN,VNM,95540395,Asia
13905,01/19/2020,19,1,2020,0,0,0,Vietnam,VN,VNM,95540395,Asia
13904,01/20/2020,20,1,2020,0,0,0,Vietnam,VN,VNM,95540395,Asia
13903,01/21/2020,21,1,2020,0,0,0,Vietnam,VN,VNM,95540395,Asia
13902,01/22/2020,22,1,2020,0,0,0,Vietnam,VN,VNM,95540395,Asia
13901,01/23/2020,23,1,2020,0,0,0,Vietnam,VN,VNM,95540395,Asia
13900,01/24/2020,24,1,2020,2,2,0,Vietnam,VN,VNM,95540395,Asia
13899,01/25/2020,25,1,2020,0,2,0,Vietnam,VN,VNM,95540395,Asia
13898,01/26/2020,26,1,2020,0,2,0,Vietnam,VN,VNM,95540395,Asia
13897,01/27/2020,27,1,2020,0,2,0,Vietnam,VN,VNM,95540395,Asia
13896,01/28/2020,28,1,2020,0,2,0,Vietnam,VN,VNM,95540395,Asia
13895,01/29/2020,29,1,2020,0,2,0,Vietnam,VN,VNM,95540395,Asia
13894,01/30/2020,30,1,2020,0,2,0,Vietnam,VN,VNM,95540395,Asia
13893,01/31/2020,31,1,2020,3,5,0,Vietnam,VN,VNM,95540395,Asia
13892,02/01/2020,1,2,2020,0,5,0,Vietnam,VN,VNM,95540395,Asia
13891,02/02/2020,2,2,2020,2,7,0,Vietnam,VN,VNM,95540395,Asia
13890,02/03/2020,3,2,2020,1,8,0,Vietnam,VN,VNM,95540395,Asia
13889,02/04/2020,4,2,2020,1,9,0,Vietnam,VN,VNM,95540395,Asia
13888,02/05/2020,5,2,2020,1,10,0,Vietnam,VN,VNM,95540395,Asia
13887,02/06/2020,6,2,2020,0,10,0,Vietnam,VN,VNM,95540395,Asia
13886,02/07/2020,7,2,2020,2,12,0,Vietnam,VN,VNM,95540395,Asia
13885,02/08/2020,8,2,2020,1,13,0,Vietnam,VN,VNM,95540395,Asia
13884,02/09/2020,9,2,2020,1,14,0,Vietnam,VN,VNM,95540395,Asia
13883,02/10/2020,10,2,2020,0,14,0,Vietnam,VN,VNM,95540395,Asia
13882,02/11/2020,11,2,2020,1,15,0,Vietnam,VN,VNM,95540395,Asia
13881,02/12/2020,12,2,2020,0,15,0,Vietnam,VN,VNM,95540395,Asia
13880,02/13/2020,13,2,2020,1,16,0,Vietnam,VN,VNM,95540395,Asia
13879,02/14/2020,14,2,2020,0,16,0,Vietnam,VN,VNM,95540395,Asia
13878,02/15/2020,15,2,2020,0,16,0,Vietnam,VN,VNM,95540395,Asia
13877,02/16/2020,16,2,2020,0,16,0,Vietnam,VN,VNM,95540395,Asia
13876,02/17/2020,17,2,2020,0,16,0,Vietnam,VN,VNM,95540395,Asia
13875,02/18/2020,18,2,2020,0,16,0,Vietnam,VN,VNM,95540395,Asia
13874,02/19/2020,19,2,2020,0,16,0,Vietnam,VN,VNM,95540395,Asia
13873,02/20/2020,20,2,2020,0,16,0,Vietnam,VN,VNM,95540395,Asia
13872,02/21/2020,21,2,2020,0,16,0,Vietnam,VN,VNM,95540395,Asia
13871,02/22/2020,22,2,2020,0,16,0,Vietnam,VN,VNM,95540395,Asia
13870,02/23/2020,23,2,2020,0,16,0,Vietnam,VN,VNM,95540395,Asia
13869,02/24/2020,24,2,2020,0,16,0,Vietnam,VN,VNM,95540395,Asia
13868,02/25/2020,25,2,2020,0,16,0,Vietnam,VN,VNM,95540395,Asia
13867,02/26/2020,26,2,2020,0,16,0,Vietnam,VN,VNM,95540395,Asia
13866,02/27/2020,27,2,2020,0,16,0,Vietnam,VN,VNM,95540395,Asia
13865,02/28/2020,28,2,2020,0,16,0,Vietnam,VN,VNM,95540395,Asia
13864,02/29/2020,29,2,2020,0,16,0,Vietnam,VN,VNM,95540395,Asia
13863,03/01/2020,1,3,2020,0,16,0,Vietnam,VN,VNM,95540395,Asia
13862,03/02/2020,2,3,2020,0,16,0,Vietnam,VN,VNM,95540395,Asia
13861,03/07/2020,7,3,2020,1,17,0,Vietnam,VN,VNM,95540395,Asia
13860,03/08/2020,8,3,2020,4,21,0,Vietnam,VN,VNM,95540395,Asia
13859,03/09/2020,9,3,2020,9,30,0,Vietnam,VN,VNM,95540395,Asia
13858,03/10/2020,10,3,2020,4,34,0,Vietnam,VN,VNM,95540395,Asia
13857,03/11/2020,11,3,2020,4,38,0,Vietnam,VN,VNM,95540395,Asia
13856,03/12/2020,12,3,2020,1,39,0,Vietnam,VN,VNM,95540395,Asia
13855,03/13/2020,13,3,2020,5,44,0,Vietnam,VN,VNM,95540395,Asia
13854,03/14/2020,14,3,2020,9,53,0,Vietnam,VN,VNM,95540395,Asia
13853,03/15/2020,15,3,2020,0,53,0,Vietnam,VN,VNM,95540395,Asia
13852,03/16/2020,16,3,2020,4,57,0,Vietnam,VN,VNM,95540395,Asia
13851,03/17/2020,17,3,2020,4,61,0,Vietnam,VN,VNM,95540395,Asia
13850,03/18/2020,18,3,2020,7,68,0,Vietnam,VN,VNM,95540395,Asia
13849,03/19/2020,19,3,2020,8,76,0,Vietnam,VN,VNM,95540395,Asia
13848,03/20/2020,20,3,2020,11,87,0,Vietnam,VN,VNM,95540395,Asia
13847,03/21/2020,21,3,2020,1,88,0,Vietnam,VN,VNM,95540395,Asia
13846,03/22/2020,22,3,2020,7,95,0,Vietnam,VN,VNM,95540395,Asia
13845,03/23/2020,23,3,2020,26,121,0,Vietnam,VN,VNM,95540395,Asia
13844,03/24/2020,24,3,2020,11,132,0,Vietnam,VN,VNM,95540395,Asia
13843,03/25/2020,25,3,2020,5,137,0,Vietnam,VN,VNM,95540395,Asia
13842,03/26/2020,26,3,2020,16,153,0,Vietnam,VN,VNM,95540395,Asia
13841,03/27/2020,27,3,2020,10,163,0,Vietnam,VN,VNM,95540395,Asia
13840,03/28/2020,28,3,2020,8,171,0,Vietnam,VN,VNM,95540395,Asia
13839,03/29/2020,29,3,2020,17,188,0,Vietnam,VN,VNM,95540395,Asia
13838,03/30/2020,30,3,2020,15,203,0,Vietnam,VN,VNM,95540395,Asia
13837,03/31/2020,31,3,2020,3,206,0,Vietnam,VN,VNM,95540395,Asia
13836,04/01/2020,1,4,2020,6,212,0,Vietnam,VN,VNM,95540395,Asia
13835,04/02/2020,2,4,2020,21,233,0,Vietnam,VN,VNM,95540395,Asia
13834,04/03/2020,3,4,2020,3,236,0,Vietnam,VN,VNM,95540395,Asia
13833,04/04/2020,4,4,2020,4,240,0,Vietnam,VN,VNM,95540395,Asia
13832,04/05/2020,5,4,2020,1,241,0,Vietnam,VN,VNM,95540395,Asia
13831,04/06/2020,6,4,2020,4,245,0,Vietnam,VN,VNM,95540395,Asia
13830,04/07/2020,7,4,2020,6,251,0,Vietnam,VN,VNM,95540395,Asia
13829,04/08/2020,8,4,2020,0,251,0,Vietnam,VN,VNM,95540395,Asia
13828,04/09/2020,9,4,2020,4,255,0,Vietnam,VN,VNM,95540395,Asia
13827,04/10/2020,10,4,2020,2,257,0,Vietnam,VN,VNM,95540395,Asia
13826,04/11/2020,11,4,2020,1,258,0,Vietnam,VN,VNM,95540395,Asia
13825,04/12/2020,12,4,2020,4,262,0,Vietnam,VN,VNM,95540395,Asia
13824,04/13/2020,13,4,2020,2,264,0,Vietnam,VN,VNM,95540395,Asia
13823,04/14/2020,14,4,2020,3,267,0,Vietnam,VN,VNM,95540395,Asia
13822,04/15/2020,15,4,2020,1,268,0,Vietnam,VN,VNM,95540395,Asia
13821,04/16/2020,16,4,2020,0,268,0,Vietnam,VN,VNM,95540395,Asia
13820,04/17/2020,17,4,2020,0,268,0,Vietnam,VN,VNM,95540395,Asia
13819,04/18/2020,18,4,2020,0,268,0,Vietnam,VN,VNM,95540395,Asia
13818,04/19/2020,19,4,2020,0,268,0,Vietnam,VN,VNM,95540395,Asia
13817,04/20/2020,20,4,2020,0,268,0,Vietnam,VN,VNM,95540395,Asia
13816,04/21/2020,21,4,2020,0,268,0,Vietnam,VN,VNM,95540395,Asia
13815,04/22/2020,22,4,2020,0,268,0,Vietnam,VN,VNM,95540395,Asia
13814,04/23/2020,23,4,2020,0,268,0,Vietnam,VN,VNM,95540395,Asia
13813,04/24/2020,24,4,2020,2,270,0,Vietnam,VN,VNM,95540395,Asia
13812,04/25/2020,25,4,2020,0,270,0,Vietnam,VN,VNM,95540395,Asia
13811,04/26/2020,26,4,2020,0,270,0,Vietnam,VN,VNM,95540395,Asia
13810,04/27/2020,27,4,2020,0,270,0,Vietnam,VN,VNM,95540395,Asia
13809,04/28/2020,28,4,2020,0,270,0,Vietnam,VN,VNM,95540395,Asia
13808,04/29/2020,29,4,2020,0,270,0,Vietnam,VN,VNM,95540395,Asia
13807,04/30/2020,30,4,2020,0,270,0,Vietnam,VN,VNM,95540395,Asia
